# Blender 4.4.3
# www.blender.org
mtllib books.mtl
o Book1
v -0.042372 -0.000182 0.042509
v -0.042372 0.018761 0.042509
v -0.097221 -0.000182 -0.067959
v -0.097221 0.018761 -0.067959
v 0.023972 -0.000182 0.009568
v 0.023972 0.018761 0.009568
v -0.030877 -0.000182 -0.100900
v -0.030877 0.018761 -0.100900
vn -0.8957 -0.0000 0.4447
vn -0.4447 -0.0000 -0.8957
vn 0.8957 -0.0000 -0.4447
vn 0.4447 -0.0000 0.8957
vn -0.0000 -1.0000 -0.0000
vn -0.0000 1.0000 -0.0000
vt 0.905068 0.640077
vt 0.905068 0.631994
vt 0.021192 0.747962
vt 0.021192 0.803814
vt 0.474092 0.801534
vt 0.475606 0.742263
vt 0.016909 0.800394
vt 0.019936 0.751381
vt 0.480905 0.739225
vt 0.480905 0.805336
vt 0.486203 0.705029
vt 0.482418 0.626380
vt 0.017407 0.624101
vt 0.019678 0.702750
vt 0.827439 0.987994
vt 0.998899 0.989430
vt 0.998899 0.551701
vt 0.827439 0.550265
s 0
usemtl Material
f 1/1/1 2/1/1 4/2/1 3/2/1
f 3/3/2 4/4/2 8/5/2 7/6/2
f 7/7/3 8/8/3 6/9/3 5/10/3
f 5/11/4 6/12/4 2/13/4 1/14/4
f 3/15/5 7/16/5 5/17/5 1/18/5
f 8/16/6 4/15/6 2/18/6 6/17/6
o Book2
v -0.027801 0.020712 0.046688
v -0.027801 0.039655 0.046688
v -0.102748 0.020712 -0.051263
v -0.102748 0.039655 -0.051263
v 0.031025 0.020712 0.001677
v 0.031025 0.039655 0.001677
v -0.043922 0.020712 -0.096274
v -0.043922 0.039655 -0.096274
vn -0.7942 -0.0000 0.6077
vn -0.6077 -0.0000 -0.7942
vn 0.7942 -0.0000 -0.6077
vn 0.6077 -0.0000 0.7942
vn -0.0000 -1.0000 -0.0000
vn -0.0000 1.0000 -0.0000
vt 0.552196 0.432463
vt 0.552196 0.997104
vt 0.017950 0.704020
vt 0.015679 0.621952
vt 0.486844 0.617392
vt 0.486844 0.706300
vt 0.492334 0.738742
vt 0.488681 0.808416
vt 0.018793 0.809363
vt 0.021229 0.745190
vt 0.489115 0.531485
vt 0.489872 0.583918
vt 0.018706 0.582778
vt 0.019463 0.538324
vt 0.762222 0.997104
vt 0.762222 0.432463
s 0
usemtl Material
f 9/19/7 10/19/7 12/20/7 11/20/7
f 11/21/8 12/22/8 16/23/8 15/24/8
f 15/25/9 16/26/9 14/27/9 13/28/9
f 13/29/10 14/30/10 10/31/10 9/32/10
f 11/20/11 15/33/11 13/34/11 9/19/11
f 16/33/12 12/20/12 10/19/12 14/34/12
o Book3
v -0.044741 0.040898 0.045216
v -0.044741 0.059841 0.045216
v -0.083841 0.040898 -0.071758
v -0.083841 0.059841 -0.071758
v 0.025510 0.040898 0.021733
v 0.025510 0.059841 0.021733
v -0.013590 0.040898 -0.095240
v -0.013590 0.059841 -0.095240
vn -0.9484 -0.0000 0.3170
vn -0.3170 -0.0000 -0.9484
vn 0.9484 -0.0000 -0.3170
vn 0.3170 -0.0000 0.9484
vn -0.0000 -1.0000 -0.0000
vn -0.0000 1.0000 -0.0000
vt 0.802043 0.005670
vt 0.802043 0.521143
vt 0.017950 0.704020
vt 0.015679 0.621952
vt 0.486844 0.617392
vt 0.486844 0.706300
vt 0.492334 0.738742
vt 0.488681 0.808416
vt 0.018793 0.809363
vt 0.021229 0.745190
vt 0.489115 0.531485
vt 0.489872 0.583918
vt 0.018706 0.582778
vt 0.019463 0.538324
vt 0.993780 0.521143
vt 0.993780 0.005670
s 0
usemtl Material.002
f 17/35/13 18/35/13 20/36/13 19/36/13
f 19/37/14 20/38/14 24/39/14 23/40/14
f 23/41/15 24/42/15 22/43/15 21/44/15
f 21/45/16 22/46/16 18/47/16 17/48/16
f 19/36/17 23/49/17 21/50/17 17/35/17
f 24/49/18 20/36/18 18/35/18 22/50/18
